Move 6516:
00000000000000000000000000000000000000000000000000000000000000000000000000000000000000000000000000000
00000000000000000000000000100000000000000100000000000000000000000000000000001000000000001000000000000
00001000000000000000000000000000000000000000000000000000000000000000000000000000000000000000000000000
00000000000000000000000000000000000000000000000000000000000000000000000000000000000000000000000000000
00000000000000000000000000000000000010000000000000000000000000000100000000000000000001001000000000000
00000000000000000000000000000000000000000000000000000000000000000000000000001000000000000000000000000
00000000000000000000000000000000000000000000000000000001000000000000000000000000000000000000000000000
00000000000000000000000000000000000000000000000000000000000000000000000000000000000000000001000000000
00000000000000000000000000000000000000000000000000000100000000000000100000000000000000000000000000000
00000000000000000000000001000000000000000000000000000000000000000000000000000001000000000000000000000
10010000000000000000010000000000000000000000000000000000000000000000000000000000000000000000000000100
00000000100000100000000000000000000000000000000000000000000000000000000000000000000000000000000000000
00000000000000000000100000000000000000000000000000000000010000000000000000000000000000000000000000000
00000000000000000001000000000000000000000000000000000000000000000000000000000000000000010001000000000
00000000000000000000000000000000000000000000000000000000000000000000000010000000000000000000000000000
00000000000000000000000000000000010000000000000000000000000000000000000000000000000100000000000000000
00000000000000000001000000100000000000000000000000000000000000000000000000000000000000000000000000000
00000000000000100000000010000000000000000000000000000000000000000000000000000000000000000000000000000
00000010000000000000010000000000000000000000000000000000000000000000000000000000000000000000000000000
00000000000000000000000000000000000000000000000000000000000000000000000000000000000000000000000000000
00000000000000000000000000000000000001000000000000000000000000000000000000000000000000000000000000000
00000000000000000010000000000000000000000000000000000000000000000000000000000000000000000000000000000
00000000000000000000000000000000000000000000000000000000000000000000000000000000000000000000000000000
00000000000000000000000000000000001000000000000000000000000000000000000000000000000000000000000000000
00000000000000000000000000000000000000000000000000000000000000000000000000000000000000000000000000000
00000100000000000000000000000000000000000000000000000000000000000000000000000000000010000000000000000
00000000000100000000000000000000000001000000000000000000000000000001000000000000000000010010000000000
00000000000000000000000000000000000000000000000000000000000000000000000000000000000000000000000000000
00000000000000000000000000000000000000000000000000000000000000000000000000000000000000000000000000000
00000000000000000000000000000000000000000000000000000000000000000000000000000000000000000000000010000
00000100000000000000100000000000000000000001001000000000000000000000000000000000000000000000000000000
00000000000000000010000000000000000000000000000000000000000000000000000000000000000000000000100000000
00000000000000000000000000000000000000000000000000000000000000000000000000000000000000000000000000000
00000000000000000000000000000000000000000001000000100000000000001000000000000000000000000000000000000
00000000000000000000000000000000000000000000000000000000000000000000000000000000000100000000000000000
00000000000001000000000000000000000000000000010000000000000000000000000000000000000000000000100000000
00000000000000000000000000000000000000000000000000000000000000000000000000000000000000001000000000000
00000000000000000000000000000000000000000000000000000000000000000000000000000000000000000000000000000
00000000100000000000000000000100000000000000000000000000000000000000000000000000000100000000000000000
00100000000100000000000000000000000000000000000000000000000000000000000000000000000101000000000000000
00000000000000000000000000000000000000000000000000000000000000000000000000000000000000000000000000000
00000000000000000000000000000000000000000111111111111111111111111111111100000000010000000000000000000
00000000000000000000000000000000000000000100000000000000000000000000000100000000000000000000000100000
00000000000000000000000000000000000000000100000000000000000000000000000100000000000000000000000000000
00000000000000000000100000000000000000000100000000000000000000000000000100000000000000000000000000000
00000000010000000000000000000000000000100100000000000000000000000000000100000000000000000000010000000
00000000000000000000000000000000000000000100000000000000100000000000000100000000000000000000000000000
00000000000000000000000000000000000000000100000000000001110000000000000100000000000000000000000000000
00000000000000000000000000000000000000010100000000000011111000000000000100000000000000000000000000000
00000000000000000000000000000000000000000100000000000111111100000000000100000000000000000000000000000
00000000000000000000000000000000000000000100000000001111111110000000000100000000000000000000000000000
00000010000000000001000000000000000100000100000000000011111000000000000100000000000000000000000000000
00010000000010000000000000000000000000000100000000000111111100000000000100000000000000000000000000000
00000000000000000000000000000000000000000100000000001111111110000000000100000000000000000000000000000
00000000000000000000000000000000000000000100000000011111111111000000000100000000000000000000000000000
00000000000000001000000000000100000000000100000000111111111111100000000100000000000000101000000000000
00000000000000000000000000000000000000000100000000001111111110000000000100000000000000000000000000000
00000000000000000000000000000010000000000100000000011111111111000000000100000000000000000000000000000
00000000000000000000000000000000000000000100000000111111111111100000000100000000000000000000000000000
00000000000000000000000000000000000000000100000001111111111111110000000100000000000000000000000000000
00000000000000000000010000000000000000000100000011111111111111111000000100000000000000000000000100000
00000000000000000000000000000000000000000100000000111111111111100000000100000000000000000010000000000
00000100000000000000000000000000000000000100000001111111111111110000000100000000000000000000000000000
00000000000000000000000000000000000000000100000011111111111111111000000100000001000000000000000000001
00000000000000100000000000000000000000000100000111111111111111111100000100000000000000000000000000000
00000000000000000000000000000000000000000100001111111111111111111110000100000000000000000000000000000
00000000000000000000000000000000000000000100000000000001110000000000000100000000000000000000000000000
00000000000000000000000000000000000000000100000000000001110000000000000100000000000000000000000000000
00000000000000000000000000000000000000000100000000000001110000000000000100000000000000000000100000000
00000000000000010000000000000000000000000100000000000000000000000000000100000000000000000000000000000
00000000000000000000000010000000000001000100000000000000000000000000000100000000000000000000000000000
00010010000000000000010001000000000000000100000000000000000000000000000100000000000000000000000000000
10000000000000000000000000000000000000000100000000000000000000000000000100000000000000000000000000000
00000000000000000000000000000000000000000111111111111111111111111111111100000000000000000000000000000
00000000000000000000000000000000000000000000000000000000000000000000000000000000000000100000000000000
00000000000000000000000000000000000000000000000000000000000000000000000000000000000000000000000000000
00000000000000010000000000000000000000000000000000000000000000000000000000000000000000000000010000000
00001000000000000000000000000000000000000000000000001000100000000000000000000000000000000000000000000
00000000000000010000000000000000000000000000000000000000100000000000000000000000000000000000000000100
00100000000000000000000000000000000000000000000000000000000000000000000100000000000000000000000000000
00000000000000000000000000000000000000000000000000000000000000000000000000000000001000000000000000000
00000000000000000000000000000000000000000000000000000000000000000000000000000000000000000000000000000
00000000000000000000000000000000000000000000000000000000000000000000000001000000000000000000000000000
00000000000000000000000000000000000000000000000000000000000000000000000000000000000000000000000000000
00000000001001000000010000000000000000000000000000000000000000000000000000100000100000000000000000000
00000000010000000000000000000000010000000000000000000000000000000000000010000000000000000000000000000
00000000000000000000000000000000000000000000000000000000000000000000000000000000000000000000000000000
00000100000001000000000000000000000000000000000000000000000000000100000000000000001000000000000000000
00000000000000000000001000000000000000000000000000000000000000000000000000000000000000000000001000000
00000000000000000000000000000000000000000000000000000000000000000000000000000000000000000000000000000
00000000000000000000000000000000000000000000000000000000000000100000000000000000000000000001010000000
00000000000001000000000000000000000000000000000000000000000000000000000000000000000000000000000000000
00000000000000000000000000000000000000000000000000000000000000000000000000000000000010000000000000000
00000000000000001000000000000000000000000000000000000000000000000000000000010000000000000000000001000
00000000000000000000000000000000000000000000000000000000000000001000000000000000000000000000000000000
00000000000100000000000000000000000000000000000010000000000000000000000000000000000000000000000000000
00000000000000000000000000000000000000000000000000000000000000000000000000000000000000000000000000000
00000000000000000000000000000000000000000000000100000000000000000000000000000000000000000000000000001
00000000000000101000000000000000000000000000000000000000000000000000000000000000000000000000000000000
00000000000000000000000000000000000000000000000000000000000000000000000000000000000000000000000000000
00000001000000000000000000000000000000000000000000000000000000000000100000000000000000001000000000000
00000000000000000000000000000000000000000000000000000000000000000000010000000000000000000000000000000
00000000000000000000000000000000000000000000000000000000000000000000000000000000000000000000000000000

